found profile: (4 4 4 3 4 3 3 2 4 3 3 2 3 2 2 1 ) now looking for equivalent profiles...
EQUIVALENCE CLASSES:
================ (4 4 4 3 4 3 3 2 4 3 3 2 3 2 2 1 ) ============================= 
(0,1) (0,2) (0,3) (0,4) (1,D) (2,C) (3,B) (4,A) 
(0,1) (0,2) (0,3) (0,4) (1,C) (2,D) (3,B) (4,A) 
(0,1) (0,2) (0,3) (0,4) (1,D) (2,B) (3,C) (4,A) 
(0,1) (0,2) (0,3) (0,4) (1,B) (2,D) (3,C) (4,A) 
(0,1) (0,2) (0,3) (0,4) (1,C) (2,B) (3,D) (4,A) 
(0,1) (0,2) (0,3) (0,4) (1,B) (2,C) (3,D) (4,A) 
(0,1) (0,2) (0,3) (0,4) (1,D) (2,C) (3,A) (4,B) 
(0,1) (0,2) (0,3) (0,4) (1,C) (2,D) (3,A) (4,B) 
(0,1) (0,2) (0,3) (0,4) (1,D) (2,A) (3,C) (4,B) 
(0,1) (0,2) (0,3) (0,4) (1,A) (2,D) (3,C) (4,B) 
(0,1) (0,2) (0,3) (0,4) (1,C) (2,A) (3,D) (4,B) 
(0,1) (0,2) (0,3) (0,4) (1,A) (2,C) (3,D) (4,B) 
(0,1) (0,2) (0,3) (0,4) (1,D) (2,B) (3,A) (4,C) 
(0,1) (0,2) (0,3) (0,4) (1,B) (2,D) (3,A) (4,C) 
(0,1) (0,2) (0,3) (0,4) (1,D) (2,A) (3,B) (4,C) 
(0,1) (0,2) (0,3) (0,4) (1,A) (2,D) (3,B) (4,C) 
(0,1) (0,2) (0,3) (0,4) (1,B) (2,A) (3,D) (4,C) 
(0,1) (0,2) (0,3) (0,4) (1,A) (2,B) (3,D) (4,C) 
(0,1) (0,2) (0,3) (0,4) (1,C) (2,B) (3,A) (4,D) 
(0,1) (0,2) (0,3) (0,4) (1,B) (2,C) (3,A) (4,D) 
(0,1) (0,2) (0,3) (0,4) (1,C) (2,A) (3,B) (4,D) 
(0,1) (0,2) (0,3) (0,4) (1,A) (2,C) (3,B) (4,D) 
(0,1) (0,2) (0,3) (0,4) (1,B) (2,A) (3,C) (4,D) 
(0,1) (0,2) (0,3) (0,4) (1,A) (2,B) (3,C) (4,D) 
